00 00 02 78 4B 43 4D 53 02 00 00 00 6D 6E 74 72 47 52 41 59 58 59 5A 20 07 E3 00 05 00 0D
00 15 00 04 00 23 61 63 73 70 53 55 4E 57 01 00 00 00 4B 4F 44 41 47 52 41 59 00 00 00 00
00 00 00 00 00 00 00 01 00 00 F6 D5 00 01 00 00 00 00 D3 2B 00 00 00 00 00 00 00 00 00 00
00 00 00 00 00 00 00 00 00 00 00 00 00 00 00 00 00 00 00 00 00 00 00 00 00 00 00 00 00 00
00 00 00 00 00 00 00 00 00 00 00 06 63 70 72 74 00 00 00 CC 00 00 00 3F 64 65 73 63 00 00
01 0C 00 00 00 81 64 6D 6E 64 00 00 01 90 00 00 00 60 77 74 70 74 00 00 01 F0 00 00 00 14
6B 54 52 43 00 00 02 04 00 00 00 0E 64 6D 64 64 00 00 02 14 00 00 00 64 74 65 78 74 00 00
00 00 43 4F 50 59 52 49 47 48 54 20 28 63 29 20 31 39 39 37 20 45 61 73 74 6D 61 6E 20 4B
6F 64 61 6B 2C 20 41 6C 6C 20 72 69 67 68 74 73 20 72 65 73 65 72 76 65 64 2E 00 00 64 65
73 63 00 00 00 00 00 00 00 27 4B 4F 44 41 4B 20 47 72 61 79 73 63 61 6C 65 20 43 6F 6E 76
65 72 73 69 6F 6E 20 2D 20 47 61 6D 6D 61 20 31 2E 30 00 00 00 00 00 00 00 00 00 00 00 00
00 00 00 00 00 D8 B2 40 00 00 00 00 00 FF FF FF FF 11 01 00 00 C4 08 7E 00 00 00 00 00 00
00 00 00 00 00 00 00 00 00 00 00 00 00 00 00 C4 08 7E 00 00 00 00 00 C4 08 7E 00 0C 00 00
00 01 00 00 00 00 00 00 00 00 64 65 73 63 00 00 00 00 00 00 00 06 4B 4F 44 41 4B 00 00 00
00 00 00 00 00 00 00 00 00 00 00 00 00 00 D8 B2 40 00 00 00 00 00 FF FF FF FF 08 09 8A 00
E0 08 8A 00 00 00 00 00 00 00 00 00 00 00 00 00 00 00 00 00 00 00 00 00 E0 08 8A 00 00 00
00 00 E0 08 8A 00 D8 2C 8A 00 D8 2C 8A 00 00 00 58 59 5A 20 00 00 00 00 00 00 F6 D5 00 01
00 00 00 00 D3 2B 63 75 72 76 00 00 00 00 00 00 00 01 01 00 00 00 64 65 73 63 00 00 00 00
00 00 00 0A 47 72 61 79 73 63 61 6C 65 00 00 00 00 00 00 00 00 00 00 00 00 00 00 00 00 00
D8 B2 40 00 00 00 00 00 FF FF FF FF 08 09 8A 00 E0 08 8A 00 00 00 00 00 00 00 00 00 00 00
00 00 00 00 00 00 00 00 00 00 E0 08 8A 00 00 00 00 00 E0 08 8A 00 D8 2C 8A 00 D8 2C 8A 00
00 00